*
Ofek
123
Ofek
Elgozi
318432085
30
Ashdod
A
507308020
Zeva
0
0
1
2
3
4
7
8
10
0
0
0
0
0
0
0
0
0
0
0
0
0
0
0
0
0
0
1
1
1
1
1
1
10
0
0
0
0
0
0
0
0
0
0
0
0
0
0
0
0
0
0
2020
2020
2020
2020
2020
2020
2020
0
0
0
0
0
0
0
0
0
0
0
0
0
0
0
0
0
0
*
Otir
123
Otir
Meslati
2
30
Rehovot
C
50
Mechanic
1
0
10
0
0
0
0
0
0
0
0
0
0
0
0
0
0
0
0
0
0
0
0
0
0
0
0
10
0
0
0
0
0
0
0
0
0
0
0
0
0
0
0
0
0
0
0
0
0
0
0
0
2020
0
0
0
0
0
0
0
0
0
0
0
0
0
0
0
0
0
0
0
0
0
0
0
0
*
Adi
123
Adi
Godasi
3
30.5
Ashdod
A
50
Zeva
1
0
0
0
0
0
0
0
0
0
0
0
0
0
0
0
0
0
0
0
0
0
0
0
0
0
0
0
0
0
0
0
0
0
0
0
0
0
0
0
0
0
0
0
0
0
0
0
0
0
0
0
0
0
0
0
0
0
0
0
0
0
0
0
0
0
0
0
0
0
0
0
0
0
0
0
0
*
Noa
123
Noa
Fadida
4
30.5
Ashkelon
A
52
Mechanic
2
0
0
0
0
0
0
0
0
0
0
0
0
0
0
0
0
0
0
0
0
0
0
0
0
0
0
0
0
0
0
0
0
0
0
0
0
0
0
0
0
0
0
0
0
0
0
0
0
0
0
0
0
0
0
0
0
0
0
0
0
0
0
0
0
0
0
0
0
0
0
0
0
0
0
0
0
